1 83.071
2 100
3 100
4 92.449
5 71.74
6 46.498
7 37.336
8 33.752
9 37.406
10 40.939
11 43.886
12 39.884
13 36.338
14 29.583
15 23.147
16 18.52
17 17.484
18 16.162
19 17.329
20 17.631
21 17.949
22 17.485
23 19.654
24 21.869
25 21.663
26 23.656
27 26.033
28 26.513
29 27.559
30 27.657
31 28.47
32 29.727
33 31.968
34 32.146
35 34.189
36 33.974
37 36.277
38 36.999
39 36.981
40 36.108
41 34.996
42 35.659
43 34.063
44 33.517
45 33.407
46 33.64
47 32.007
48 32.243
49 32.399
50 32.189
51 31.235
52 31.226
53 30.416
54 30.017
55 29.803
56 30.77
57 30.507
58 29.871
59 27.998
60 28.815
61 28.776
62 30.3
63 30.527
64 30.903
65 29.849
66 30.656
67 32.363
68 32.26
69 31.518
70 31.325
71 32.146
72 31.661
73 31.145
74 30.93
75 31.005
76 30.69
77 31.307
78 32.579
79 33.041
80 30.99
81 31.284
82 32.734
83 34.756
84 33.596
85 32.604
86 31.149
87 30.276
88 30.61
89 30.475
90 31.671
91 31.596
92 31.513
93 31.654
94 30.889
95 30.088
96 30.764
97 31.506
98 31.036
99 31.415
100 31.846
101 12.646
102 0
103 0
104 0
105 0.56286
106 2.132
107 4.7853
108 7.4649
109 10.159
110 11.197
111 11.806
112 8.395
113 6.2841
114 0
115 0
116 0
117 0
118 0
119 0.51888
120 4.0699
121 11.815
122 18.831
123 25.896
124 29.524
125 27.861
126 24.787
127 22.074
128 16.777
129 12.517
130 10.023
131 9.5114
132 9.7557
133 10.281
134 11.096
135 12.115
136 11.852
137 10.801
138 9.673
139 8.7173
140 8.7873
141 7.9729
142 7.6778
143 5.6155
144 3.725
145 3.2292
146 3.4415
147 5.5448
148 7.5387
149 8.2541
150 8.9044
151 8.2812
152 7.0624
153 7.3865
154 7.2577
155 7.7992
156 7.8966
157 8.4166
158 8.4503
159 8.9213
160 10.115
161 8.9933
162 9.0825
163 9.5896
164 9.8691
165 10.017
166 9.9793
167 10.577
168 8.4709
169 7.5385
170 6.6942
171 6.7564
172 7.1424
173 7.8222
174 8.4918
175 8.3125
176 8.6175
177 8.6562
178 8.6156
179 8.7577
180 8.3604
181 7.2483
182 8.287
183 8.8388
184 7.7926
185 6.447
186 7.9231
187 8.2284
188 8.0794
189 9.2792
190 9.1647
191 7.9677
192 7.4128
193 6.3437
194 6.6506
195 6.6028
196 6.5482
197 6.4474
198 7.56
199 7.7419
200 7.8945
201 22.503
202 32.518
203 37.638
204 40.547
205 38.929
206 36.786
207 35.748
208 34.062
209 31.365
210 28.85
211 26.73
212 28.382
213 28.788
214 30.845
215 35.548
216 38.405
217 40.57
218 40.883
219 37.981
220 34.986
221 29.532
222 21.996
223 18.091
224 14.975
225 15.092
226 18.122
227 20.46
228 22.647
229 27.053
230 27.26
231 26.4
232 25.603
233 24.655
234 23.253
235 22.695
236 21.901
237 21.232
238 21.211
239 23.3
240 24.281
241 26.538
242 27.514
243 27.267
244 27.585
245 28.498
246 27.839
247 26.602
248 25.801
249 25.677
250 23.882
251 23.633
252 25.518
253 25.9
254 25.683
255 25.553
256 25.089
257 24.565
258 26.105
259 26.244
260 25.071
261 26.476
262 25.441
263 24.295
264 23.554
265 23.66
266 21.85
267 23.404
268 23.698
269 24.752
270 25.173
271 25.825
272 26.884
273 26.368
274 26.018
275 26.222
276 25.471
277 25.993
278 25.33
279 26.623
280 26.128
281 23.853
282 24.474
283 24.797
284 24.789
285 25.674
286 26.861
287 26.669
288 23.565
289 23.691
290 22.918
291 22.515
292 24.165
293 24.587
294 24.478
295 25.864
296 25.22
297 24.848
298 25.469
299 26.2
300 26.522
301 52.653
302 65.93
303 68.986
304 65.408
305 57.89
306 47.868
307 43.912
308 43.461
309 45.033
310 44.595
311 43.053
312 39.793
313 35.608
314 32.402
315 29.531
316 26.629
317 24.768
318 23.71
319 21.714
320 21.635
321 24.243
322 24.852
323 27.573
324 28.027
325 28.454
326 29.47
327 29.978
328 29.75
329 28.81
330 28.846
331 30.177
332 32.319
333 34.592
334 34.228
335 34.452
336 36.099
337 35.655
338 38.224
339 38.239
340 37.746
341 36.112
342 34.739
343 34.494
344 34.591
345 34.302
346 33.27
347 32.288
348 32.25
349 31.853
350 31.497
351 32.647
352 33.177
353 33.087
354 31.493
355 32.117
356 32.525
357 31.214
358 31.056
359 31.6
360 31.46
361 31.517
362 32.654
363 31.725
364 30.576
365 32.338
366 32.155
367 33.91
368 35.046
369 33.925
370 35.013
371 35.486
372 34.362
373 33.823
374 34.062
375 31.071
376 31.719
377 31.461
378 32.285
379 33.599
380 35.164
381 33.451
382 32.804
383 33.286
384 33.347
385 33.063
386 34.078
387 34.209
388 32.933
389 32.022
390 30.807
391 30.174
392 31.664
393 30.962
394 33.401
395 34.192
396 34.525
397 33.7
398 32.97
399 31.225
400 31.208
