1 82.112
2 100
3 100
4 91.466
5 71.283
6 46.446
7 38.401
8 34.2
9 40.61
10 44.331
11 47.204
12 41.777
13 37.737
14 28.687
15 23.704
16 20.054
17 19.772
18 18.672
19 20.223
20 18.083
21 18.626
22 16.42
23 18.51
24 18.734
25 20.567
26 22.09
27 23.574
28 23.533
29 25.342
30 28.222
31 31.048
32 30.341
33 32.182
34 32.119
35 32.365
36 33.722
37 34.954
38 34.856
39 34.883
40 35.825
41 36.107
42 33.739
43 34.507
44 34.56
45 34.306
46 34.166
47 31.53
48 31.281
49 31.215
50 33.173
51 30.94
52 31.628
53 32.384
54 30.862
55 30.087
56 30.266
57 30.691
58 29.676
59 29.651
60 31.409
61 29.557
62 29.845
63 31.563
64 31.635
65 30.685
66 31.215
67 30.543
68 30.775
69 29.602
70 30.11
71 30.631
72 31.86
73 30.835
74 31.542
75 32.224
76 32.73
77 31.96
78 32.186
79 31.613
80 30.006
81 29.792
82 30.395
83 31.033
84 32.472
85 32.193
86 31.028
87 32.025
88 33.414
89 32.472
90 30.81
91 30.902
92 30.889
93 31.344
94 31.066
95 32.368
96 32.361
97 31.648
98 31.796
99 32.97
100 31.045
101 12.605
102 0
103 0
104 0
105 0.43894
106 2.3905
107 3.2314
108 2.938
109 2.9371
110 4.5162
111 3.4779
112 2.2459
113 0
114 0
115 0
116 0
117 0
118 0
119 0.046175
120 4.4783
121 9.2742
122 14.012
123 18.097
124 22.284
125 22.759
126 20.448
127 18.072
128 15.37
129 14.266
130 14.136
131 13.063
132 12.946
133 13.727
134 12.159
135 11.483
136 11.505
137 11.356
138 11.132
139 8.6467
140 8.171
141 7.7279
142 6.6768
143 6.4154
144 6.9092
145 6.764
146 5.6608
147 6.7228
148 5.3975
149 5.4485
150 8.6019
151 7.5129
152 5.88
153 5.6402
154 6.2105
155 6.3781
156 7.07
157 8.268
158 7.1552
159 5.538
160 7.8552
161 9.0556
162 9.4269
163 9.3687
164 8.5244
165 9.7799
166 10.212
167 10.477
168 9.4071
169 8.7323
170 9.1569
171 9.0804
172 8.8765
173 9.1416
174 7.3814
175 7.0403
176 7.2297
177 7.1665
178 8.2119
179 8.179
180 8.5809
181 8.9099
182 8.2673
183 9.1707
184 7.873
185 6.5812
186 6.1439
187 6.7618
188 7.412
189 10.556
190 9.887
191 8.1871
192 8.1224
193 8.0746
194 6.8578
195 7.2756
196 8.0797
197 6.6732
198 7.1737
199 7.4923
200 8.4536
201 24.186
202 33.066
203 33.784
204 36.042
205 35.248
206 32.049
207 32.682
208 32.396
209 30.026
210 29.695
211 29.837
212 30.562
213 30.338
214 32.161
215 34.873
216 36.086
217 37.059
218 38.838
219 38.209
220 34.85
221 30.694
222 24.258
223 19.936
224 18.939
225 19.177
226 21.419
227 22.616
228 23.106
229 22.466
230 23.18
231 24.807
232 25.204
233 24.208
234 22.105
235 20.412
236 21.802
237 22.639
238 22.419
239 24.63
240 24.369
241 24.431
242 24.227
243 25.641
244 27.365
245 26.924
246 27.184
247 27.05
248 26.068
249 25.508
250 26.623
251 26.849
252 27.572
253 27.1
254 26.266
255 25.275
256 24.448
257 25.75
258 24.324
259 24.544
260 25.183
261 24.196
262 24.617
263 23.599
264 24.415
265 22.991
266 23.424
267 25.932
268 24.763
269 25.995
270 26.363
271 25.578
272 25.343
273 25.289
274 24.733
275 24.46
276 24.163
277 23.878
278 24.535
279 24.588
280 26.258
281 25.228
282 27.053
283 26.798
284 26.305
285 24.456
286 26.645
287 25.881
288 25.715
289 25.925
290 26.812
291 26.649
292 25.556
293 24.012
294 26.075
295 24.379
296 24.408
297 24.628
298 24.993
299 25.795
300 25.911
301 53.058
302 66.081
303 67.167
304 64.422
305 56.006
306 49.132
307 44.753
308 41.731
309 44.736
310 44.825
311 43.012
312 40.314
313 35.567
314 32.067
315 28.915
316 26.21
317 24.352
318 22.862
319 23.594
320 23.416
321 25.226
322 26.115
323 26.46
324 28.359
325 28.722
326 28.668
327 29.731
328 30.151
329 30.546
330 31.235
331 31.768
332 32.483
333 33.433
334 33.867
335 34.785
336 34.663
337 35.945
338 36.358
339 35.044
340 35.232
341 34.032
342 33.739
343 34.201
344 35.168
345 33.854
346 33.423
347 33.214
348 34.509
349 35.296
350 34.651
351 34.918
352 33.652
353 31.483
354 31.079
355 31.519
356 31.531
357 31.027
358 32.074
359 31.494
360 31.028
361 30.996
362 31.236
363 31.394
364 31.753
365 32.759
366 34.264
367 33.41
368 32.841
369 31.408
370 32.591
371 33.323
372 33.378
373 34.104
374 35.143
375 34.482
376 33.783
377 31.863
378 32.707
379 33.295
380 34.774
381 34.439
382 34.029
383 32.218
384 32.037
385 32.876
386 34.155
387 33.727
388 33.666
389 33.919
390 33.033
391 32.175
392 31.981
393 31.995
394 30.955
395 31.115
396 31.776
397 32.516
398 32.397
399 32.253
400 32.403
