1 40.689
2 67.879
3 84.101
4 91.102
5 90.994
6 85.243
7 80.458
8 74.831
9 71.281
10 66.917
11 63.744
12 59.513
13 55.84
14 51.135
15 47.097
16 42.088
17 37.523
18 33.338
19 29.214
20 25.198
21 23.6
22 21.213
23 20.119
24 19.657
25 19.21
26 18.494
27 18.157
28 18.817
29 18.996
30 19.568
31 20.774
32 21.979
33 23.193
34 24.429
35 25.633
36 27.017
37 28.06
38 30.21
39 31.193
40 31.944
41 33.026
42 34.077
43 33.971
44 34.502
45 34.995
46 36.049
47 36.737
48 36.202
49 35.73
50 36.071
51 35.781
52 35.011
53 34.285
54 33.827
55 33.945
56 33.79
57 33.295
58 32.508
59 31.985
60 31.858
61 31.427
62 30.805
63 30.773
64 30.231
65 29.394
66 29.6
67 29.551
68 29.784
69 30.222
70 30.096
71 29.432
72 29.811
73 29.431
74 29.898
75 30.005
76 30.422
77 30.47
78 30.721
79 30.612
80 31.343
81 31.322
82 31.538
83 31.666
84 31.724
85 31.891
86 31.8
87 32.351
88 32.855
89 32.494
90 32.537
91 32.813
92 32.959
93 33.019
94 32.382
95 31.962
96 32.019
97 30.799
98 31.082
99 31.266
100 31.03
101 21.976
102 14.277
103 8.9691
104 5.6415
105 2.8277
106 1.6176
107 0.18578
108 0
109 0.065287
110 0
111 0
112 0
113 0
114 0
115 0
116 0
117 0
118 0
119 0
120 0.13647
121 1.3855
122 3.0967
123 4.492
124 6.191
125 7.8581
126 9.3556
127 10.796
128 11.286
129 11.944
130 12.869
131 13.653
132 13.025
133 13.297
134 12.586
135 13.138
136 12.235
137 13.054
138 13.358
139 12.875
140 12.875
141 12.91
142 11.58
143 11.236
144 10.899
145 10.194
146 9.7786
147 9.1066
148 7.8999
149 7.3315
150 7.4432
151 7.9519
152 8.2575
153 7.5071
154 7.247
155 6.8518
156 6.5621
157 6.272
158 7.6663
159 7.2002
160 7.1968
161 7.6575
162 7.1273
163 7.1149
164 7.1512
165 6.9514
166 5.9802
167 6.6877
168 6.7626
169 7.0504
170 7.7049
171 8.2824
172 8.8839
173 8.2676
174 7.6636
175 8.2873
176 7.5609
177 7.7338
178 7.938
179 8.4135
180 8.8456
181 8.7607
182 8.3864
183 8.525
184 8.6939
185 8.5502
186 8.7341
187 9.0933
188 9.1468
189 8.6143
190 8.4483
191 7.8602
192 7.5103
193 7.4107
194 7.2323
195 7.3099
196 7.7862
197 8.2903
198 9.6116
199 9.2746
200 9.1626
201 16.158
202 21.297
203 25.349
204 28.469
205 29.57
206 29.988
207 30.057
208 30.588
209 30.962
210 31.36
211 31.822
212 31.745
213 31.967
214 33.032
215 33.741
216 33.679
217 33.661
218 34.596
219 35.711
220 35.932
221 35.36
222 33.628
223 31.713
224 30.262
225 28.316
226 26.951
227 25.225
228 23.712
229 23.102
230 22.959
231 23.439
232 23.923
233 23.712
234 23.246
235 21.87
236 21.305
237 20.957
238 21.218
239 21.232
240 21.934
241 22.888
242 22.44
243 22.632
244 22.994
245 23.752
246 24.325
247 24.587
248 25.226
249 25.63
250 25.421
251 25.23
252 25.754
253 25.565
254 25.604
255 26.3
256 26.912
257 27.2
258 27.285
259 26.997
260 26.358
261 25.819
262 26.108
263 26.376
264 26.275
265 26.1
266 25.694
267 25.632
268 25.81
269 25.804
270 25.687
271 25.734
272 25.263
273 25.008
274 24.745
275 24.579
276 24.497
277 25.131
278 25.046
279 24.565
280 24.875
281 25.104
282 25.125
283 24.975
284 25.286
285 25.172
286 24.754
287 25.098
288 24.875
289 25.541
290 25.692
291 25.424
292 24.931
293 24.449
294 24.923
295 24.93
296 24.735
297 24.55
298 24.714
299 24.91
300 25.075
301 38.486
302 47.091
303 51.491
304 53.722
305 53.654
306 51.623
307 49.664
308 47.03
309 46.304
310 44.89
311 43.464
312 42.542
313 40.442
314 38.667
315 36.563
316 34.556
317 33.095
318 31.08
319 29.629
320 28.754
321 27.736
322 27.135
323 26.827
324 26.808
325 27.301
326 26.973
327 27.351
328 28.049
329 28.538
330 28.674
331 28.815
332 30.197
333 30.151
334 31.113
335 32.534
336 32.271
337 33.228
338 33.27
339 33.896
340 33.938
341 33.657
342 34.334
343 34.551
344 34.236
345 34.341
346 33.874
347 33.894
348 34.853
349 34.378
350 34.959
351 35.017
352 34.52
353 34.658
354 33.864
355 33.165
356 33.025
357 33.345
358 33.302
359 32.988
360 33.135
361 33.102
362 32.731
363 31.885
364 32.631
365 32.455
366 32.712
367 32.905
368 32.579
369 32.668
370 32.841
371 32.777
372 32.802
373 32.403
374 31.862
375 31.795
376 32.204
377 31.992
378 32.491
379 32.982
380 33.315
381 33.277
382 33.261
383 33.112
384 32.225
385 32.486
386 32.866
387 32.617
388 32.872
389 33.13
390 32.688
391 33.016
392 33.028
393 33.261
394 33.424
395 32.921
396 33.327
397 33.794
398 33.356
399 33.038
400 33.145
