1 81.971
2 100
3 100
4 92.724
5 74.5
6 51.683
7 42.111
8 38.2
9 43.59
10 44.906
11 45.534
12 43.599
13 38.967
14 30.081
15 26.635
16 20.707
17 17.756
18 16.33
19 17.028
20 16.653
21 18.722
22 18.682
23 18.604
24 19.461
25 21.901
26 21.643
27 23.845
28 24.639
29 26.163
30 27.148
31 28.984
32 31.378
33 32.936
34 32
35 34.32
36 32.68
37 35.928
38 36.361
39 36.38
40 35.765
41 34.587
42 34.989
43 33.907
44 34.869
45 35.09
46 35.242
47 34.563
48 31.453
49 30.65
50 31.358
51 32.402
52 32.066
53 32.126
54 31.982
55 30.777
56 29.655
57 29.631
58 29.859
59 29.853
60 30.267
61 29.373
62 29.267
63 28.984
64 28.727
65 29.594
66 29.81
67 28.853
68 31.483
69 31.164
70 31.519
71 32.256
72 31.617
73 30.818
74 29.671
75 30.67
76 31.64
77 33.079
78 32.703
79 32.845
80 32.614
81 32.695
82 32.284
83 31.741
84 32.795
85 33.149
86 32.862
87 32.464
88 31.271
89 30.607
90 30.648
91 31.713
92 31.891
93 32.31
94 31.529
95 29.003
96 28.977
97 30.333
98 29.826
99 29.446
100 30.107
101 10.984
102 0
103 0
104 0
105 0.55134
106 3.6973
107 3.9817
108 4.6279
109 4.6058
110 6.8803
111 5.0489
112 3.6741
113 1.0311
114 0
115 0
116 0
117 0
118 0.0011338
119 0
120 3.2593
121 8.6306
122 14.336
123 18.255
124 21.077
125 22.346
126 20.266
127 19.118
128 15.319
129 12.57
130 11.572
131 11.533
132 10.252
133 11.6
134 12.027
135 14.444
136 13.946
137 12.158
138 9.5442
139 9.3854
140 10.42
141 8.4086
142 7.483
143 5.6252
144 6.1998
145 5.364
146 5.185
147 5.7682
148 6.499
149 7.5918
150 7.4545
151 7.9682
152 7.771
153 7.0779
154 7.1387
155 7.4001
156 6.7359
157 5.6872
158 6.7689
159 7.9723
160 9.0295
161 8.0563
162 8.5153
163 8.7877
164 8.8488
165 8.5519
166 9.4609
167 6.9148
168 6.6184
169 8.0933
170 10.014
171 9.1434
172 9.3048
173 7.9007
174 8.3672
175 8.809
176 8.8233
177 9.6093
178 9.2882
179 9.4961
180 8.0232
181 8.7612
182 9.3462
183 8.3404
184 6.9613
185 7.8457
186 6.3718
187 7.2779
188 7.7422
189 9.033
190 8.8369
191 9.4977
192 8.1017
193 6.5341
194 6.4359
195 6.6171
196 7.9592
197 8.4149
198 9.3008
199 8.6621
200 7.9863
201 24.279
202 33.006
203 35.973
204 38.126
205 36.442
206 33.001
207 31.838
208 30.894
209 29.674
210 30.136
211 29.102
212 29.671
213 31.245
214 32.778
215 34.863
216 36.426
217 37.546
218 37.638
219 36.824
220 33.311
221 29.659
222 23.76
223 19.683
224 17.828
225 19.099
226 21.215
227 22.021
228 23.286
229 23.863
230 23.153
231 24.399
232 24.651
233 22.673
234 23.469
235 22.647
236 21.998
237 23.142
238 22.551
239 23.569
240 22.626
241 24.518
242 25.078
243 25.972
244 24.939
245 26.401
246 25.496
247 26.404
248 28.55
249 26.703
250 26.725
251 26.002
252 27.272
253 25.563
254 24.595
255 25.233
256 25.111
257 25.237
258 25.588
259 25.655
260 25.586
261 25.055
262 24.501
263 25.119
264 24.143
265 23.436
266 24.742
267 24.492
268 24.429
269 24.533
270 23.591
271 25.714
272 24.967
273 25.151
274 25.463
275 24.817
276 26.517
277 25.699
278 26.42
279 27.869
280 26.743
281 25.548
282 25.953
283 25.489
284 25.109
285 24.901
286 25.614
287 25.2
288 23.662
289 25.598
290 26.194
291 25.951
292 24.893
293 23.79
294 23.845
295 25.626
296 26.127
297 27.41
298 26.242
299 24.584
300 24.574
301 52.175
302 64.771
303 65.402
304 63.138
305 55.467
306 48.142
307 46.069
308 43.482
309 42.797
310 42.999
311 42.876
312 40.024
313 37.106
314 32.87
315 30.626
316 27.645
317 26.906
318 23.378
319 22.937
320 22.903
321 25.557
322 26.372
323 26.188
324 26.417
325 28.252
326 28.89
327 30.806
328 30.535
329 32.002
330 30.766
331 30.888
332 32.159
333 33.801
334 34.974
335 34.631
336 34.858
337 36.498
338 35.864
339 35.202
340 35.883
341 34.728
342 34.428
343 35.129
344 35.54
345 35.665
346 34.2
347 33.046
348 34.24
349 33.786
350 33.72
351 31.997
352 32.442
353 32.55
354 32.578
355 30.756
356 30.411
357 30.241
358 31.231
359 29.98
360 31.815
361 31.105
362 32.278
363 33.708
364 33.011
365 32.193
366 32.706
367 34.036
368 32.681
369 32.695
370 31.089
371 31.337
372 32.108
373 32.187
374 33.95
375 33.409
376 34.792
377 33.981
378 33.397
379 30.773
380 30.726
381 33.144
382 32.95
383 34.878
384 34.3
385 32.756
386 32.032
387 33.202
388 33.062
389 33.099
390 31.894
391 33.215
392 32.972
393 33.403
394 32.551
395 32.7
396 32.735
397 34.029
398 33.39
399 34.008
400 33.733
