1 10.819
2 17.437
3 20.172
4 21.046
5 20.42
6 20.052
7 19.768
8 19.431
9 19.558
10 19.325
11 18.872
12 20.092
13 20.575
14 21.537
15 21.451
16 20.903
17 19.802
18 19.35
19 18.37
20 16.93
21 14.387
22 12.356
23 10.572
24 9.0485
25 7.4607
26 6.6356
27 5.3866
28 4.1508
29 3.8988
30 2.824
31 2.091
32 2.0943
33 2.1754
34 1.6579
35 1.104
36 0.44816
37 0
38 0.66693
39 1.4777
40 2.888
41 2.5225
42 2.7081
43 2.6474
44 2.4239
45 2.6532
46 4.0179
47 5.5681
48 5.9384
49 6.3706
50 6.19
51 6.4702
52 6.8813
53 7.2548
54 7.9033
55 8.1484
56 7.9859
57 7.9771
58 7.8481
59 7.9839
60 8.5628
61 8.5299
62 8.0826
63 8.2867
64 8.1112
65 7.5545
66 7.9828
67 7.8773
68 7.6591
69 7.6667
70 7.2839
71 7.2321
72 6.6832
73 6.0017
74 6.0354
75 6.0371
76 5.7305
77 5.5802
78 5.4852
79 5.9308
80 5.813
81 5.6046
82 5.7278
83 6.2465
84 6.1908
85 6.5622
86 6.9888
87 6.7861
88 7.1914
89 6.8165
90 6.4961
91 6.4087
92 6.733
93 7.5358
94 8.0097
95 7.546
96 7.248
97 6.8875
98 7.058
99 7.2804
100 7.2822
101 35.643
102 55.433
103 68.37
104 75.778
105 76.243
106 73.299
107 68.296
108 61.894
109 56.155
110 51.661
111 48.058
112 45.852
113 45.211
114 44.781
115 43.911
116 42.937
117 42.253
118 41.864
119 41.469
120 40.217
121 39.006
122 37.018
123 36.12
124 34.813
125 33.983
126 34.679
127 34.737
128 35.223
129 35.334
130 35.128
131 35.417
132 35.829
133 36.107
134 35.564
135 36.141
136 36.841
137 36.852
138 37.934
139 37.824
140 38.574
141 37.812
142 37.71
143 37.579
144 38.247
145 38.433
146 38.398
147 38.56
148 39.431
149 39.253
150 39.387
151 39.363
152 38.926
153 38.438
154 38.2
155 37.577
156 37.628
157 37.501
158 37.968
159 37.497
160 37.38
161 38.144
162 37.629
163 37.593
164 37.321
165 37.735
166 37.877
167 38.016
168 37.864
169 37.035
170 37.377
171 37.697
172 37.088
173 37.057
174 37.889
175 37.311
176 37.477
177 37.115
178 37.495
179 37.355
180 37.99
181 37.735
182 37.329
183 37.239
184 36.378
185 37.071
186 37.122
187 37.46
188 37.765
189 38.087
190 38.664
191 38.514
192 38.648
193 38.486
194 38.19
195 37.542
196 37.381
197 37.345
198 37.563
199 38.085
200 38.353
201 17.162
202 2.6908
203 0
204 0
205 0
206 1.015
207 4.6543
208 9.1081
209 12.527
210 15.286
211 16.649
212 18.283
213 17.954
214 17.452
215 16.875
216 16.148
217 15.652
218 14.81
219 15.285
220 14.866
221 15.725
222 17.07
223 17.609
224 18.276
225 18.106
226 18.592
227 18.524
228 18.219
229 17.954
230 17.631
231 17.268
232 16.431
233 17.23
234 15.977
235 15.852
236 15.602
237 15.631
238 15.446
239 15.151
240 15.179
241 14.675
242 13.658
243 14.064
244 13.814
245 13.751
246 13.965
247 14.157
248 14.591
249 14.812
250 14.892
251 14.553
252 15.26
253 15.025
254 14.152
255 13.61
256 14.427
257 14.323
258 14.308
259 15.054
260 15.016
261 16.12
262 16.015
263 15.445
264 15.74
265 15.998
266 16.197
267 15.804
268 16.06
269 16.068
270 15.774
271 15.328
272 15.55
273 15.624
274 15.773
275 15.657
276 15.931
277 15.615
278 16.173
279 15.517
280 15.715
281 15.816
282 15.461
283 14.816
284 15.288
285 14.783
286 15.48
287 14.892
288 15.671
289 15.072
290 15.611
291 15.092
292 16.029
293 15.854
294 15.48
295 15.536
296 15.449
297 14.978
298 14.374
299 14.907
300 15.25
301 24.216
302 29.43
303 32.663
304 34.652
305 34.781
306 34.258
307 32.542
308 31.483
309 30.863
310 30.004
311 29.486
312 29.789
313 29.619
314 29.989
315 29.56
316 28.653
317 28.616
318 26.905
319 26.914
320 26.273
321 26.223
322 25.676
323 24.804
324 23.525
325 23.476
326 22.759
327 21.93
328 22.151
329 21.948
330 21.865
331 21.517
332 20.952
333 20.537
334 20.147
335 19.062
336 18.827
337 19.248
338 20.38
339 21.695
340 22.558
341 22.574
342 22.281
343 22.137
344 21.933
345 22.033
346 21.653
347 21.288
348 22.407
349 22.927
350 23.242
351 23.569
352 23.695
353 23.936
354 23.197
355 23.686
356 23.53
357 23.603
358 23.485
359 23.3
360 23.416
361 23.289
362 23.532
363 24.3
364 24.507
365 24.39
366 23.771
367 23.676
368 23.263
369 23.499
370 22.556
371 22.51
372 22.194
373 21.947
374 21.969
375 23.007
376 23.262
377 23.424
378 22.997
379 23.059
380 22.584
381 22.831
382 22.951
383 22.948
384 22.577
385 22.726
386 22.776
387 23.257
388 23.339
389 22.805
390 22.692
391 22.428
392 22.646
393 23.298
394 23.429
395 24.472
396 23.72
397 22.665
398 22.357
399 21.777
400 22.199
