1 19.345
2 27.714
3 29.394
4 26.752
5 22.923
6 22.791
7 20.765
8 22.983
9 22.538
10 22.77
11 20.579
12 20.011
13 18.665
14 17.662
15 14.861
16 14.437
17 12.362
18 13.557
19 10.486
20 8.8726
21 7.2179
22 5.4922
23 3.3542
24 1.677
25 0.43126
26 1.2505
27 2.0328
28 1.6182
29 2.1899
30 3.5417
31 3.9643
32 3.367
33 2.0395
34 2.3842
35 2.3403
36 3.5927
37 3.9977
38 4.4168
39 6.4381
40 6.0994
41 6.2791
42 7.4867
43 7.438
44 7.5692
45 8.6003
46 10.225
47 10.476
48 8.8779
49 7.6742
50 6.8368
51 5.4264
52 4.6902
53 4.6829
54 4.7978
55 6.3657
56 7.3051
57 7.5343
58 8.5037
59 8.8709
60 8.1354
61 7.9239
62 7.6924
63 7.0036
64 5.4221
65 4.1669
66 3.6896
67 3.6986
68 4.9063
69 6.7862
70 7.4984
71 6.9078
72 8.0321
73 7.6171
74 6.2767
75 5.1137
76 6.1606
77 6.1664
78 6.1214
79 7.3412
80 7.2755
81 6.3262
82 4.6765
83 5.5212
84 7.43
85 6.1398
86 6.387
87 6.5012
88 8.2161
89 8.6926
90 9.2771
91 6.5801
92 7.1532
93 6.3567
94 7.0091
95 4.3099
96 5.0015
97 6.4347
98 6.5534
99 6.5971
100 7.3272
101 68.652
102 100
103 100
104 97.755
105 86.049
106 63.924
107 39.988
108 20.919
109 11.212
110 8.8463
111 13.693
112 24.441
113 35.135
114 43.36
115 49.535
116 49.13
117 47.865
118 42.981
119 38.048
120 34.537
121 30.346
122 28.054
123 25.777
124 27.032
125 28.715
126 32.383
127 36.423
128 39.881
129 42.423
130 43.606
131 43.397
132 41.8
133 41.081
134 38.013
135 35.01
136 35.981
137 37.697
138 37.42
139 36.487
140 37.327
141 38.721
142 38.016
143 38.226
144 39.087
145 38.511
146 37.323
147 36.898
148 37.557
149 36.338
150 35.112
151 36.225
152 37.163
153 36.981
154 36.051
155 35.7
156 36.324
157 36.162
158 37.107
159 37.052
160 38.221
161 38.142
162 38.892
163 35.616
164 36.613
165 37.03
166 38.941
167 39.158
168 39.777
169 39.095
170 38.429
171 37.956
172 36.201
173 37.047
174 36.478
175 37.82
176 39.046
177 38.888
178 39.233
179 38.38
180 39.143
181 37.795
182 37.985
183 39.66
184 38.152
185 36.457
186 37.523
187 36.306
188 37.236
189 36.516
190 37.855
191 38.506
192 39.154
193 39.612
194 39.348
195 38.898
196 38.868
197 37.713
198 37.656
199 35.583
200 36.117
201 0
202 0
203 0
204 0.98988
205 10.726
206 25.383
207 40.865
208 52.375
209 56.193
210 53.121
211 45.065
212 35.387
213 24.066
214 16.822
215 11.495
216 9.9082
217 12.184
218 15.458
219 19.023
220 22.404
221 24.953
222 24.039
223 23.664
224 22.244
225 19.142
226 16.306
227 13.405
228 11.278
229 10.578
230 9.1115
231 10.71
232 12.511
233 12.971
234 14.768
235 13.329
236 13.776
237 13.327
238 14.222
239 13.155
240 15.077
241 14.117
242 15.169
243 15.305
244 15.023
245 14.211
246 13.709
247 13.961
248 14.744
249 15.823
250 15.727
251 16.211
252 16.869
253 16.534
254 17.019
255 16.817
256 15.298
257 15.332
258 15.22
259 15.286
260 14.761
261 13.357
262 15.741
263 15.428
264 15.97
265 15.659
266 16.897
267 18.332
268 17.023
269 15.138
270 12.979
271 13.007
272 13.643
273 15.174
274 14.988
275 16.611
276 17.505
277 17.402
278 16.369
279 16.341
280 16.453
281 14.893
282 15.262
283 13.966
284 13.981
285 13.992
286 16.537
287 17.524
288 16.794
289 16.637
290 16.205
291 15.971
292 14.696
293 14.677
294 14.721
295 14.753
296 14.038
297 14.659
298 14.155
299 15.16
300 14.457
301 32.261
302 41.319
303 45.205
304 44.853
305 39.951
306 38.376
307 33.5
308 30.027
309 27.228
310 26.648
311 28.069
312 27.659
313 29.536
314 29.603
315 30.313
316 30.847
317 30.255
318 28.664
319 26.515
320 23.692
321 21.356
322 19.351
323 18.051
324 16.599
325 16.828
326 20.262
327 18.571
328 18.78
329 19.797
330 19.315
331 19.99
332 21.236
333 21.501
334 22.386
335 22.81
336 22.122
337 22.703
338 22.086
339 22.506
340 22.684
341 22.477
342 23.624
343 24.879
344 24.67
345 23.879
346 23.701
347 23.474
348 22.988
349 22.314
350 23.534
351 23.785
352 24.586
353 22.59
354 22.641
355 22.422
356 22.56
357 23.793
358 23.3
359 24.133
360 23.38
361 23.78
362 23.308
363 23.124
364 22.247
365 22.402
366 21.208
367 20.764
368 21.221
369 22.817
370 22.254
371 21.921
372 22.919
373 22.504
374 22.992
375 24.414
376 23.256
377 24.753
378 24.035
379 24.06
380 22.797
381 22.543
382 20.877
383 22.408
384 23.867
385 22.757
386 24.711
387 25.405
388 24.593
389 23.422
390 23.799
391 23.013
392 21.922
393 20.956
394 22.448
395 23.065
396 23.589
397 21.956
398 23.172
399 22.985
400 23.056
