1 20.689
2 29.829
3 31.309
4 26.951
5 21.169
6 20.142
7 18.625
8 20.489
9 21.003
10 23.042
11 21.468
12 21.862
13 19.338
14 18.04
15 16.098
16 16.193
17 13.8
18 11.992
19 9.4376
20 9.0293
21 6.4563
22 7.1104
23 5.9268
24 4.8322
25 3.5456
26 2.6386
27 0.40015
28 0
29 1.8958
30 3.1695
31 2.9027
32 3.0696
33 1.9063
34 3.484
35 2.6532
36 4.0788
37 4.7001
38 5.4721
39 5.7108
40 6.4586
41 6.6833
42 7.8141
43 7.7153
44 7.9265
45 7.1541
46 7.0926
47 6.4449
48 8.0844
49 7.0489
50 7.1204
51 8.5603
52 7.1488
53 7.2718
54 7.7326
55 7.3993
56 7.0592
57 8.3738
58 9.2462
59 6.4495
60 5.6049
61 4.3886
62 5.2083
63 5.0267
64 6.2789
65 6.8856
66 7.7595
67 8.0054
68 6.7841
69 6.7969
70 6.4994
71 6.7262
72 6.1441
73 6.7003
74 4.9467
75 4.7841
76 5.2397
77 5.4819
78 6.4974
79 6.0517
80 6.6975
81 7.9962
82 6.7274
83 7.2133
84 5.3159
85 5.2782
86 6.1737
87 6.4947
88 7.1812
89 7.4952
90 6.9745
91 6.6784
92 6.5742
93 7.4347
94 7.0199
95 7.2504
96 7.605
97 7.0773
98 5.1624
99 5.7331
100 5.0842
101 66.223
102 97.673
103 100
104 97.774
105 85.72
106 63.778
107 43.169
108 32.527
109 28.371
110 26.766
111 30.961
112 38.089
113 45.434
114 47.997
115 46.871
116 45.303
117 41.865
118 38.353
119 35.181
120 32.479
121 32.15
122 33.501
123 33.114
124 32.407
125 31.072
126 34.431
127 35.376
128 36.04
129 36.496
130 38.522
131 36.99
132 36.856
133 37.784
134 38.955
135 38.428
136 39.349
137 38.564
138 38.736
139 38.271
140 39.05
141 40.066
142 38.84
143 37.294
144 35.957
145 37.248
146 39.261
147 38.62
148 38.107
149 38.388
150 38.492
151 37.577
152 36.833
153 36.386
154 36.104
155 37.004
156 36.507
157 37.575
158 38.539
159 38.524
160 38.226
161 37.237
162 37.216
163 36.306
164 37.208
165 37.961
166 38.125
167 38.289
168 37.57
169 37.151
170 37.763
171 38.398
172 38.333
173 36.625
174 36.551
175 38.221
176 38.396
177 37.365
178 37.088
179 37.407
180 38.856
181 39.148
182 37.252
183 37.821
184 38.88
185 37.97
186 36.698
187 38.748
188 37.759
189 37.656
190 37.612
191 38.058
192 38.029
193 39.135
194 38.65
195 37.99
196 37.418
197 37.17
198 36.077
199 36.876
200 37.775
201 0
202 0
203 0
204 1.5684
205 8.9556
206 20.528
207 31.475
208 39.066
209 39.636
210 37.266
211 31.387
212 26.892
213 21.011
214 16.813
215 16.304
216 18.126
217 16.219
218 17.158
219 16.685
220 17.728
221 18.832
222 19.208
223 20.035
224 19.188
225 19.394
226 18.042
227 16.274
228 13.632
229 12.561
230 12.138
231 12.189
232 14.086
233 13.2
234 14.202
235 14.778
236 15.016
237 15.149
238 15.016
239 12.876
240 12.226
241 13.08
242 15.305
243 14.713
244 14.483
245 15.076
246 15.873
247 14.87
248 15.893
249 16.025
250 16.477
251 15.335
252 15.819
253 17.226
254 14.594
255 14.504
256 17.472
257 18.06
258 17.666
259 16.732
260 15.705
261 15.282
262 15.792
263 13.164
264 13.367
265 13.58
266 13.624
267 14.552
268 16.508
269 17.094
270 16.138
271 15.511
272 14.66
273 14.228
274 15.638
275 15.308
276 14.755
277 15.005
278 16.019
279 14.78
280 15.279
281 15.454
282 13.244
283 12.768
284 13.804
285 15.527
286 15.781
287 16.396
288 16.417
289 16.979
290 14.916
291 16.181
292 16.107
293 15.03
294 14.105
295 14.619
296 14.858
297 14.72
298 14.383
299 14.531
300 14.107
301 33.216
302 41.697
303 45.706
304 41.511
305 37.835
306 34.989
307 31.257
308 28.002
309 26.516
310 28.625
311 30.846
312 30.913
313 30.88
314 29.568
315 29.032
316 29.597
317 26.448
318 26.171
319 26.446
320 25.254
321 22.502
322 21.385
323 19.893
324 20.363
325 18.572
326 19.964
327 21.707
328 22.243
329 21.918
330 22.054
331 20.738
332 20.69
333 19.161
334 20.426
335 20.012
336 18.831
337 19.249
338 20.026
339 22.002
340 22.97
341 24.868
342 25.509
343 25.24
344 25.602
345 25.24
346 24.131
347 22.706
348 22.203
349 22.619
350 23.218
351 24.625
352 23.017
353 23.832
354 24.039
355 23.533
356 22.885
357 23.434
358 24.05
359 23.38
360 21.932
361 22.904
362 22.386
363 22.714
364 22.713
365 21.905
366 23.068
367 23.279
368 22.967
369 24.319
370 21.956
371 22.583
372 22.127
373 22.257
374 21.92
375 22.562
376 22.274
377 22.23
378 22.221
379 23.081
380 23.43
381 23.396
382 23.069
383 22.939
384 22.847
385 23.839
386 23.124
387 23.753
388 24.008
389 22.928
390 23.142
391 24.912
392 23.997
393 23.112
394 22.633
395 23.968
396 23.309
397 23.269
398 22.523
399 22.175
400 22.71
