1 20.624
2 29.825
3 29.81
4 26.776
5 23.917
6 23.753
7 19.093
8 20.823
9 20.486
10 22.131
11 21.74
12 21.223
13 18.382
14 17.176
15 14.641
16 15.939
17 12.204
18 11.666
19 11.501
20 11.163
21 7.7641
22 8.0949
23 4.8627
24 3.0922
25 1.4725
26 2.3445
27 2.1998
28 2.8067
29 0.88153
30 2.5616
31 3.7471
32 3.7964
33 3.0441
34 3.1859
35 2.7315
36 4.2967
37 5.2633
38 4.6084
39 4.3392
40 5.7036
41 6.9646
42 7.2717
43 6.1321
44 6.2476
45 6.5835
46 7.2478
47 7.7175
48 7.3931
49 8.6313
50 8.0683
51 7.5194
52 7.1446
53 6.8696
54 6.6606
55 8.0006
56 7.6194
57 6.44
58 8.0821
59 8.0033
60 8.2356
61 8.1302
62 7.1184
63 6.843
64 5.315
65 5.3087
66 5.3829
67 5.6291
68 4.873
69 6.342
70 5.6477
71 6.1478
72 7.0812
73 6.8388
74 6.3442
75 5.47
76 4.817
77 4.4046
78 4.9632
79 5.2871
80 6.1092
81 6.277
82 6.5415
83 8.0249
84 8.509
85 8.549
86 7.6693
87 6.1249
88 5.299
89 5.3883
90 6.9625
91 7.1398
92 6.7533
93 7.8973
94 7.5307
95 6.6051
96 6.0594
97 7.7016
98 7.4407
99 6.5538
100 6.9514
101 67.156
102 97.687
103 100
104 97.343
105 85.372
106 66.315
107 47.488
108 34.561
109 29.655
110 29.746
111 33.349
112 39.819
113 45.841
114 47.456
115 47.621
116 46.888
117 44.151
118 40.489
119 37.696
120 33.76
121 31.423
122 30.782
123 30.252
124 29.674
125 33.307
126 36.31
127 36.62
128 37.539
129 37.706
130 37.689
131 38.1
132 36.736
133 36.52
134 38.435
135 36.845
136 38.38
137 37.751
138 38.478
139 39.18
140 39.071
141 39.613
142 40.123
143 38.142
144 38.525
145 37.251
146 37.321
147 36.94
148 35.551
149 36.952
150 37.257
151 38.381
152 38.249
153 38.957
154 38.357
155 36.627
156 36.899
157 36.141
158 35.664
159 36.805
160 36.175
161 36.504
162 36.32
163 37.232
164 38.239
165 38.349
166 38.055
167 38.292
168 38.197
169 38.213
170 38.309
171 37.827
172 35.432
173 36.93
174 37.011
175 37.044
176 37.571
177 38.257
178 39.641
179 40.089
180 38.756
181 38.047
182 37.422
183 38.99
184 38.496
185 35.996
186 36.873
187 36.739
188 39.421
189 39.863
190 38.168
191 37.909
192 40.055
193 40.308
194 38.762
195 37.012
196 35.548
197 35.587
198 35.992
199 36.575
200 38.397
201 0
202 0
203 0
204 2.1372
205 10.124
206 21.977
207 32.459
208 40.672
209 42.326
210 38.325
211 32.051
212 25.77
213 20.035
214 16.281
215 15.65
216 17.154
217 18.656
218 18.257
219 19.151
220 19.239
221 20.059
222 19.811
223 19.466
224 18.527
225 18.885
226 17.548
227 15.276
228 14.385
229 13.919
230 14.074
231 13.306
232 12.877
233 14.566
234 14.342
235 13.284
236 13.576
237 13.793
238 13.658
239 14.222
240 14.441
241 14.683
242 13.563
243 13.707
244 13.589
245 14.633
246 15.199
247 16.229
248 16.198
249 16.174
250 15.904
251 15.906
252 15.684
253 14.411
254 14.661
255 15.937
256 16.677
257 17.576
258 15.77
259 15.265
260 15.519
261 15.733
262 16.082
263 15.956
264 15.487
265 13.934
266 14.937
267 15.473
268 15.107
269 15.56
270 16.076
271 16.068
272 14.702
273 13.508
274 14.664
275 15.376
276 17.551
277 16.274
278 16.657
279 16.022
280 14.476
281 12.772
282 14.387
283 14.745
284 15.309
285 15.512
286 16.799
287 15.75
288 16.252
289 16.927
290 16.896
291 16.873
292 14.522
293 14.459
294 14.805
295 15.583
296 15.122
297 15.182
298 14.979
299 13.604
300 14.076
301 31.512
302 40.349
303 44.503
304 41.543
305 38.008
306 35.472
307 31.644
308 29.283
309 28.302
310 29.377
311 30.418
312 32.141
313 30.377
314 29.804
315 30.774
316 28.657
317 27.074
318 26.179
319 25.683
320 23.417
321 22.08
322 21.131
323 19.132
324 18.522
325 19.085
326 18.168
327 18.597
328 19.725
329 21.529
330 20.324
331 20.238
332 20.607
333 21.081
334 21.467
335 19.613
336 20.964
337 20.541
338 22.527
339 21.896
340 22.819
341 23.681
342 24.459
343 25.602
344 24.668
345 25.211
346 24.615
347 24.435
348 22.049
349 22.243
350 22.9
351 22.531
352 22.802
353 23.726
354 24.423
355 24.729
356 24.212
357 23.827
358 23.31
359 23.149
360 22.752
361 23.733
362 23.518
363 22.163
364 21.459
365 22.444
366 23.392
367 22.946
368 24.117
369 22.245
370 21.454
371 22.567
372 23.274
373 23.198
374 22.915
375 21.86
376 22.691
377 22.235
378 22.953
379 25.163
380 24.755
381 24.204
382 22.932
383 21.79
384 21.025
385 23.94
386 24.302
387 24.424
388 24.267
389 24.33
390 23.555
391 22.493
392 21.492
393 21.047
394 20.675
395 20.909
396 21.908
397 23.353
398 23.735
399 24.253
400 22.031
