1 -0.44291
2 -0.92734
3 -2.2057
4 -0.084004
5 2.2355
6 7.7878
7 12.718
8 19.992
9 27.432
10 36.882
11 44.915
12 54.405
13 61.984
14 70.203
15 76.586
16 84.046
17 90.707
18 95.323
19 101.69
20 106.42
21 106.27
22 111.16
23 112.04
24 111.9
25 113.15
26 114.07
27 113.95
28 110.82
29 112.17
30 109.91
31 108.05
32 106.71
33 105.74
34 103.97
35 102.8
36 100.79
37 100.49
38 96.971
39 98.302
40 98.049
41 95.645
42 94.787
43 96.604
44 94.996
45 94.809
46 93.604
47 93.934
48 96.244
49 96.343
50 94.507
51 96.059
52 98.023
53 98.741
54 99.036
55 97.862
56 98.589
57 99.67
58 100.85
59 100.9
60 100.58
61 101.31
62 102.01
63 101.23
64 102.33
65 103.29
66 101.82
67 102.13
68 101.34
69 100.72
70 101.42
71 102.77
72 100.27
73 101.71
74 100.14
75 100.75
76 99.664
77 100.15
78 99.618
79 100.37
80 98.184
81 99.292
82 98.994
83 99.094
84 99.069
85 98.784
86 99.689
87 97.663
88 97.9
89 99.206
90 98.567
91 97.888
92 98.191
93 98.553
94 100.33
95 99.736
96 99.021
97 102.28
98 99.837
99 100.13
100 101.01
101 98.082
102 100.77
103 100.34
104 99.872
105 100.47
106 98.963
107 98.499
108 96.373
109 91.776
110 91.38
111 87.836
112 86.008
113 82.957
114 80.686
115 78.289
116 75.495
117 75.212
118 72.039
119 71.467
120 68.691
121 66.287
122 64.928
123 65.678
124 64.379
125 63.245
126 63.092
127 61.33
128 62.565
129 60.957
130 59.355
131 58.828
132 61.967
133 60.138
134 62.263
135 60.248
136 64.124
137 60.488
138 61.899
139 63.425
140 62.747
141 62.161
142 65.368
143 64.126
144 64.47
145 65.717
146 65.313
147 66.691
148 68.631
149 67.73
150 66.388
151 65.309
152 64.977
153 67.158
154 65.972
155 66.064
156 65.99
157 66.186
158 62.189
159 65.316
160 64.257
161 63.15
162 64.409
163 63.312
164 63.236
165 63.742
166 65.947
167 62.34
168 63.359
169 62.311
170 61.642
171 61.104
172 59.697
173 62.426
174 62.817
175 59.462
176 62.642
177 60.777
178 61.004
179 59.825
180 59.848
181 60.471
182 60.819
183 59.923
184 59.158
185 60.68
186 59.667
187 59.314
188 59.615
189 61.185
190 60.729
191 61.682
192 61.687
193 61.474
194 61.794
195 61.18
196 60.323
197 59.813
198 57.259
199 60.426
200 59.668
201 60.493
202 60.536
203 59.271
204 58.775
205 61.337
206 61.64
207 64.155
208 64.389
209 66.372
210 68.04
211 69.684
212 73.344
213 74.456
214 74.583
215 77.163
216 80.766
217 82.983
218 82.211
219 83.44
220 84.706
221 86.896
222 89.847
223 90.688
224 90.861
225 93.116
226 93.987
227 96.609
228 97.995
229 97.634
230 97.499
231 96.334
232 95.853
233 97.66
234 97.097
235 99.718
236 98.253
237 98.074
238 96.648
239 96.873
240 95.082
241 93.204
242 95.448
243 94.238
244 93.163
245 91.509
246 91.474
247 91.629
248 90.277
249 90.073
250 91.004
251 90.801
252 89.557
253 90.534
254 89.808
255 88.221
256 88.438
257 88.281
258 88.55
259 89.572
260 90.293
261 91.055
262 89.051
263 88.784
264 90.053
265 90.364
266 91.064
267 90.163
268 89.996
269 90.272
270 90.436
271 90.004
272 91.506
273 91.178
274 91.421
275 91.299
276 91.418
277 89.423
278 91.116
279 91.591
280 90.219
281 90.12
282 90.103
283 90.467
284 89.759
285 90.142
286 91.509
287 89.357
288 91.193
289 88.428
290 89.794
291 90.161
292 91.537
293 91.492
294 89.239
295 90.554
296 90.995
297 91.106
298 90.105
299 90.391
300 90.306
301 89.951
302 89.935
303 91.159
304 90.228
305 90.489
306 92.281
307 94.031
308 97.784
309 97.455
310 100.99
311 104.45
312 105.44
313 110.42
314 111.64
315 114.8
316 116.13
317 117.7
318 119.93
319 121.52
320 121.86
321 124.3
322 124.66
323 125.2
324 124.84
325 124.54
326 125.99
327 124.31
328 123.48
329 123.11
330 123.41
331 123.11
332 119.32
333 121.97
334 119.17
335 116.84
336 120.11
337 117.2
338 119.26
339 117.59
340 118.73
341 119.27
342 116.87
343 117.81
344 118.9
345 118.49
346 119.57
347 118.82
348 117.22
349 120.13
350 117.61
351 118.58
352 119.57
353 118.34
354 120.15
355 120.88
356 120
357 119.1
358 119.93
359 120.8
360 119.97
361 120.13
362 121.11
363 122.94
364 119.27
365 120.92
366 119.62
367 119.81
368 120.72
369 119.95
370 119.27
371 119.88
372 119.75
373 120.68
374 121.56
375 121.27
376 120.01
377 121.3
378 119.48
379 119.23
380 118.87
381 119.71
382 119.66
383 119.8
384 121.8
385 119.77
386 119.51
387 121.04
388 119.96
389 119.36
390 120.94
391 119.17
392 119.89
393 119.41
394 119.28
395 121.32
396 118.5
397 117.88
398 120
399 119.93
400 119.51
