1 -0.59805
2 0.5378
3 1.6718
4 2.1419
5 4.4182
6 10.606
7 19.793
8 27.568
9 34.265
10 43.241
11 50.916
12 52.243
13 59.408
14 65.74
15 68.574
16 75.506
17 79.688
18 81.969
19 84.415
20 86.562
21 86.812
22 88.607
23 89.727
24 87.868
25 86.965
26 88.483
27 86.927
28 87.004
29 86.079
30 86.369
31 86.004
32 83.462
33 84.111
34 85.896
35 83.291
36 87.226
37 82.953
38 84.989
39 86.167
40 87.262
41 89.703
42 87.732
43 90.924
44 88.876
45 90.951
46 90.648
47 92.517
48 95.632
49 95.48
50 94.446
51 94.379
52 96.095
53 96.067
54 95.835
55 97.715
56 98.039
57 97.601
58 98.027
59 98.486
60 98.221
61 99.774
62 98.803
63 99.425
64 99.223
65 98.482
66 99.038
67 100.32
68 96.194
69 98.778
70 97.296
71 96.84
72 97.981
73 97.963
74 99.488
75 97.168
76 97.342
77 96.31
78 98.263
79 97.436
80 97.834
81 97.358
82 98.096
83 99.072
84 97.248
85 97.781
86 98.038
87 98.292
88 99.521
89 99.818
90 100.12
91 98.995
92 99.633
93 99.571
94 100.26
95 102.46
96 100.63
97 99.859
98 101.23
99 101.63
100 100.77
101 100.67
102 99.917
103 99.817
104 98.88
105 99.16
106 95.937
107 93.913
108 91.427
109 88.553
110 83.393
111 83.45
112 81.514
113 79.308
114 78.268
115 75.032
116 77.095
117 73.6
118 71.879
119 71.876
120 70.126
121 68.222
122 66.887
123 66.117
124 64.36
125 62.77
126 63.997
127 61.068
128 64.652
129 65
130 65.82
131 66.799
132 69.76
133 68.802
134 70.337
135 66.993
136 69.694
137 70.532
138 71.939
139 70.08
140 67.936
141 71.807
142 70.939
143 72.127
144 69.718
145 71.353
146 70.992
147 69.981
148 68.753
149 67.699
150 68.076
151 66.38
152 66.181
153 66.388
154 65.243
155 64.461
156 65.64
157 66.311
158 64.2
159 63.741
160 62.719
161 64.722
162 62.687
163 62.44
164 62.284
165 62.4
166 60.944
167 64.471
168 63.188
169 61.257
170 60.133
171 62.255
172 61.095
173 62.931
174 60.99
175 60.588
176 61.355
177 59.908
178 61.425
179 59.892
180 61.867
181 59.397
182 59.616
183 61.682
184 62.637
185 60.132
186 63.285
187 61.168
188 62.221
189 60.358
190 60.657
191 59.57
192 61.668
193 62.443
194 60.833
195 61.087
196 59.356
197 60.784
198 59.511
199 60.93
200 60.968
201 58.197
202 59.339
203 60.834
204 58.959
205 60.735
206 62.794
207 64.934
208 67.209
209 70.771
210 71.027
211 75.565
212 76.354
213 78.231
214 80.295
215 82.158
216 84.129
217 85.337
218 86.764
219 89.397
220 91.526
221 92.745
222 96.937
223 98.643
224 99.831
225 99.819
226 99.87
227 101.93
228 101.21
229 101.22
230 101.38
231 98.481
232 98.056
233 100.39
234 97.034
235 98.244
236 98.244
237 96.709
238 98.077
239 96.244
240 98.371
241 94.798
242 95.048
243 94.073
244 95.546
245 92.932
246 94.276
247 92.609
248 89.806
249 93.671
250 91.232
251 92.703
252 89.593
253 93.091
254 93.135
255 92.177
256 92.734
257 92.489
258 91.859
259 91.617
260 91.796
261 92.056
262 92.315
263 90.879
264 92.597
265 92.455
266 91.1
267 92.219
268 91.822
269 91.908
270 92.89
271 89.284
272 91.44
273 90.142
274 90.5
275 91.265
276 88.936
277 90.81
278 89.021
279 87.748
280 89.403
281 89.849
282 89.414
283 89.943
284 90.475
285 90.842
286 90.173
287 90.671
288 92.788
289 89.289
290 89.956
291 90.291
292 90.991
293 91.746
294 90.914
295 89.416
296 89.816
297 88.681
298 90.541
299 90.931
300 89.764
301 88.808
302 89.957
303 93.233
304 90.582
305 93.739
306 94.195
307 96.542
308 101.08
309 105.65
310 107.53
311 110.01
312 113.23
313 115.16
314 117.8
315 119.1
316 121.01
317 121.52
318 125.87
319 125.07
320 125.36
321 123.72
322 124.92
323 126.08
324 124.62
325 122.79
326 121.56
327 120.08
328 120.85
329 118.99
330 120.29
331 119.98
332 118.35
333 118.1
334 117.48
335 118.95
336 118.16
337 116.36
338 118.36
339 118.69
340 117.5
341 119.72
342 119.05
343 118.77
344 118.03
345 118.6
346 120.2
347 120.61
348 117.9
349 119.99
350 119.94
351 122.17
352 120.25
353 120.73
354 120.75
355 123.04
356 122.09
357 121.96
358 120.87
359 123.24
360 120.29
361 122.47
362 120.3
363 118.59
364 120.58
365 120.58
366 119.95
367 117.35
368 120.94
369 118.91
370 121.5
371 120.06
372 120.01
373 120.49
374 118.38
375 120.12
376 117.72
377 119.44
378 119.39
379 122.82
380 120.98
381 118.12
382 120.48
383 117.44
384 119.77
385 121.01
386 120.64
387 118.66
388 119.72
389 119.93
390 121.29
391 118.55
392 119.61
393 119.06
394 120.25
395 119.7
396 119.59
397 118.59
398 119.91
399 119.06
400 118.75
