1 -0.3401
2 -1.0273
3 0.25095
4 1.0482
5 4.8349
6 11.438
7 18.831
8 27.052
9 37.074
10 42.547
11 48.831
12 54.18
13 58.598
14 62.376
15 69.418
16 72.304
17 75.879
18 78.931
19 79.876
20 81.63
21 84.382
22 84.983
23 83.813
24 81.98
25 85.499
26 82.671
27 82.55
28 82.588
29 83.232
30 84.019
31 83.772
32 83.09
33 82.259
34 84.363
35 82.841
36 85.065
37 82.642
38 83.656
39 85.317
40 85.828
41 87.694
42 86.316
43 89.984
44 89.79
45 91.287
46 91.39
47 94.244
48 92.766
49 93.369
50 94.081
51 95.318
52 95.007
53 96.154
54 96.455
55 97.041
56 95.921
57 96.712
58 97.85
59 99.482
60 97.198
61 98.239
62 96.926
63 97.77
64 97.404
65 98.657
66 97.415
67 95.576
68 97.611
69 98.114
70 97.832
71 95.572
72 97.597
73 97.412
74 97.583
75 97.333
76 98.869
77 98.054
78 97.269
79 97.907
80 100.48
81 98.287
82 96.432
83 95.394
84 98.592
85 97.958
86 98.972
87 99.204
88 99.105
89 100.29
90 98.818
91 99.505
92 99.856
93 99.322
94 100.38
95 100.02
96 99.608
97 99.457
98 100.42
99 99.579
100 99.298
101 100.02
102 101.27
103 99.443
104 99.801
105 98.768
106 98.348
107 93.459
108 91.283
109 88.033
110 86.334
111 82.963
112 84.115
113 78.978
114 80.777
115 78.991
116 75.936
117 77.222
118 76.121
119 74.414
120 74.066
121 70.527
122 70.052
123 66.364
124 65.597
125 66.715
126 65.575
127 64.094
128 66.654
129 68.3
130 69.17
131 69.634
132 70.586
133 72.394
134 72.034
135 71.754
136 73.369
137 74.279
138 73.496
139 72.987
140 71.657
141 72.346
142 70.527
143 72.501
144 72.822
145 71.738
146 71.16
147 69.081
148 68.639
149 68.021
150 66.831
151 67.55
152 67.755
153 65.719
154 65.551
155 64.663
156 65.244
157 64.057
158 64.245
159 63.176
160 62.028
161 63.786
162 62.682
163 61.189
164 61.845
165 61.761
166 62.29
167 60.834
168 63.917
169 62.983
170 63.675
171 63.158
172 62.777
173 63.076
174 62.009
175 63.01
176 61.849
177 61.5
178 61.168
179 60.663
180 61.455
181 62.075
182 60.192
183 60.804
184 61.623
185 62.656
186 60.534
187 60.624
188 61.652
189 59.578
190 60.806
191 61.38
192 61.424
193 62.088
194 61.096
195 61.801
196 62.228
197 62.133
198 60.997
199 60.772
200 61.213
201 60.816
202 59.78
203 59.896
204 59.62
205 62.091
206 62.202
207 63.956
208 65.893
209 69.412
210 71.982
211 75.309
212 75.156
213 79.967
214 82.643
215 82.365
216 85.04
217 86.351
218 88.412
219 92.289
220 91.861
221 94.83
222 98.612
223 99.224
224 102.51
225 102.74
226 102.84
227 104.52
228 104.66
229 101.12
230 102.26
231 102.44
232 101.14
233 99.827
234 100.05
235 98.917
236 99.611
237 100.06
238 100.18
239 97.742
240 98.89
241 96.128
242 96.45
243 96.494
244 94.73
245 93.158
246 93.674
247 94.768
248 94.544
249 94.119
250 95.929
251 95.573
252 93.157
253 93.913
254 94.165
255 93.912
256 93.143
257 93.691
258 91.177
259 92.216
260 93.217
261 90.259
262 93.182
263 92.851
264 93.416
265 92.442
266 95.248
267 92.61
268 92.766
269 91.372
270 91.186
271 90.982
272 89.39
273 91.164
274 90.057
275 90.238
276 90.657
277 89.549
278 90.456
279 88.662
280 90.084
281 92.352
282 90.309
283 90.546
284 90.8
285 90.462
286 89.988
287 90.464
288 93.365
289 90.833
290 91.865
291 92.12
292 90.153
293 91.373
294 91.405
295 89.816
296 90.755
297 90.823
298 89.387
299 89.21
300 88.548
301 90.732
302 89.222
303 88.957
304 89.929
305 90.828
306 95.549
307 97.529
308 98.942
309 102.98
310 107.32
311 111.94
312 113.12
313 117.37
314 117.11
315 120.24
316 122.02
317 123.86
318 123.92
319 126.5
320 126.03
321 124.51
322 126.14
323 123.86
324 124.57
325 123.86
326 122.65
327 120.92
328 120.84
329 122.2
330 120.65
331 119.81
332 118.43
333 117.44
334 119.52
335 118.76
336 116.34
337 118.4
338 114.48
339 116.8
340 116.62
341 118.18
342 118.91
343 118.29
344 118.44
345 119.03
346 120.76
347 121.07
348 120.66
349 121.06
350 122.09
351 120.29
352 120.64
353 120.05
354 122.38
355 119.96
356 120
357 122.2
358 121.26
359 120.99
360 120.9
361 121.31
362 119.74
363 121.62
364 122.01
365 119.34
366 120.39
367 118.04
368 118.12
369 120.04
370 116.86
371 117.15
372 118.55
373 118.5
374 118.05
375 122.45
376 119.47
377 121.71
378 120.23
379 119.79
380 118.51
381 121.2
382 120.35
383 119.48
384 120.05
385 119.6
386 119.4
387 119.07
388 120.54
389 120.31
390 121.86
391 121.53
392 119.91
393 122.05
394 119.37
395 119.74
396 119.34
397 119.41
398 120.29
399 120.99
400 120.52
