1 -0.76387
2 -1.7356
3 0.046364
4 1.6851
5 4.8919
6 12.575
7 19.625
8 29.171
9 34.896
10 41.734
11 47.32
12 54.253
13 57.811
14 64.301
15 69.217
16 72.205
17 75.982
18 78.186
19 79.671
20 83.996
21 84.796
22 88.416
23 86.494
24 87.12
25 87.095
26 85.455
27 86.048
28 85.973
29 86.213
30 82.863
31 82.748
32 84.929
33 82.974
34 84.255
35 84.662
36 83.843
37 84.747
38 85.545
39 86.915
40 85.556
41 86.978
42 90.479
43 88.802
44 89.63
45 90.597
46 91.075
47 94.884
48 93.777
49 94.439
50 92.171
51 97.656
52 94.418
53 94.429
54 96.735
55 96.618
56 96.533
57 96.214
58 98.628
59 97.168
60 95.557
61 98.892
62 97.854
63 95.921
64 97.179
65 98.286
66 97.347
67 98.1
68 97.267
69 99.382
70 98.292
71 98.159
72 97.235
73 99.489
74 97.574
75 97.001
76 97.22
77 98.287
78 97.948
79 98.011
80 100.27
81 99.613
82 98.916
83 98.809
84 97.528
85 98.95
86 100.38
87 97.895
88 97.084
89 98.955
90 100.55
91 99.122
92 99.408
93 99.171
94 100.06
95 98.197
96 99.061
97 99.584
98 98.373
99 97.475
100 100.39
101 98.575
102 101.51
103 98.863
104 97.993
105 99.18
106 96.486
107 93.659
108 93.062
109 89.967
110 84.974
111 84.553
112 82.602
113 81.074
114 78.555
115 76.772
116 76.995
117 73.04
118 73.224
119 70.842
120 68.656
121 68.442
122 68.028
123 66.335
124 62.537
125 61.943
126 63.499
127 62.317
128 63.193
129 62.556
130 63.83
131 65.595
132 66.748
133 66.905
134 70.114
135 69.845
136 70.005
137 69.562
138 69.803
139 72.343
140 70.894
141 71.199
142 71.434
143 70.76
144 69.587
145 70.075
146 71.372
147 68.15
148 70.17
149 68.819
150 64.662
151 67.369
152 67.865
153 67.002
154 65.349
155 65.864
156 65.036
157 63.96
158 65.77
159 66.345
160 62.172
161 61.783
162 61.997
163 61.824
164 62.631
165 59.949
166 60.383
167 60.019
168 61.488
169 61.323
170 60.463
171 61.058
172 61.163
173 60.453
174 62.992
175 62.616
176 62.181
177 62.3
178 61.185
179 62.266
180 61.447
181 61.065
182 61.038
183 59.751
184 62.202
185 62.396
186 62.232
187 62.063
188 61.176
189 58.081
190 60.705
191 61.949
192 60.147
193 60.307
194 61.416
195 60.887
196 59.978
197 62.547
198 60.52
199 61.246
200 59.862
201 59.738
202 59.775
203 63.971
204 60.119
205 61.01
206 63.855
207 63.739
208 66.208
209 70.515
210 71.542
211 73.312
212 75.202
213 79.238
214 79.96
215 81.434
216 84.454
217 84.938
218 85.165
219 87.77
220 90.281
221 91.976
222 96.437
223 98.077
224 98.162
225 99.933
226 99.414
227 101.12
228 101.15
229 102.29
230 100.26
231 98.125
232 98.528
233 98.558
234 100.28
235 100.32
236 97.305
237 97.476
238 98.364
239 94.751
240 96.401
241 95.622
242 96.372
243 93.379
244 92.025
245 93.795
246 92.529
247 92.064
248 92.794
249 92.709
250 90.954
251 91.187
252 90.642
253 91.955
254 91.385
255 92.305
256 93.595
257 91.103
258 93.946
259 92.227
260 91.658
261 93.102
262 91.916
263 92.919
264 91.18
265 93.932
266 92.08
267 89.545
268 92.981
269 89.853
270 89.973
271 90.257
272 90.133
273 90.016
274 90.958
275 91.197
276 91.571
277 92.187
278 91.474
279 91.514
280 89.497
281 91.872
282 87.551
283 89.184
284 89.448
285 91.537
286 87.463
287 90.012
288 90.19
289 89.845
290 88.541
291 89.315
292 91.032
293 91.388
294 88.305
295 91.957
296 91.308
297 90.981
298 90.721
299 89.526
300 90.414
301 89.184
302 89.365
303 90.936
304 89.519
305 92.938
306 92.88
307 98.251
308 102.11
309 101.76
310 107.07
311 111.33
312 112.88
313 117.11
314 117.18
315 120.61
316 122.63
317 124.14
318 125.87
319 124.81
320 126.48
321 124.63
322 125.52
323 125.38
324 122.91
325 122.92
326 122.71
327 121.3
328 120.48
329 119.99
330 119.52
331 119.03
332 118.64
333 117.76
334 118.38
335 117.36
336 117.77
337 116.32
338 116.85
339 119.13
340 117.72
341 119.96
342 119.18
343 118.98
344 118.25
345 120.65
346 120.27
347 120.12
348 118.55
349 118.76
350 120.24
351 119.14
352 120.05
353 121.91
354 121.24
355 120.34
356 120.87
357 122.03
358 120.5
359 121.5
360 121.43
361 121.77
362 121.19
363 121.31
364 121.18
365 119.64
366 118.68
367 120.11
368 119.84
369 121.42
370 118.21
371 118.87
372 119.49
373 118.59
374 117.69
375 118.76
376 119.19
377 121.01
378 118.9
379 119.17
380 118.13
381 119.41
382 119.59
383 121.08
384 120.31
385 119.43
386 118.79
387 120.32
388 120.42
389 118.96
390 120.65
391 121.17
392 120.87
393 120.42
394 122.33
395 121.8
396 120.97
397 120.32
398 120.88
399 120.74
400 120.37
