1 -0.080363
2 -0.59523
3 1.576
4 0.86299
5 -1.0291
6 1.7971
7 6.9811
8 7.365
9 9.7539
10 12.971
11 15.153
12 19.503
13 23.485
14 28.232
15 30.903
16 32.726
17 39.573
18 41.439
19 41.68
20 45.233
21 48.491
22 48.348
23 52.431
24 54.123
25 54.305
26 54.642
27 54.51
28 55.138
29 56.901
30 54.171
31 52.205
32 52.784
33 52.121
34 52.055
35 50.556
36 49.306
37 47.068
38 49.162
39 47.959
40 46.608
41 45.053
42 45.718
43 46.772
44 45.908
45 44.884
46 44.709
47 44.314
48 46.291
49 44.028
50 45.711
51 45.545
52 46.283
53 46.05
54 46.641
55 45.164
56 47.332
57 48.331
58 45.912
59 47.09
60 46.786
61 47.166
62 48.495
63 48.052
64 50.196
65 49.085
66 49.588
67 49.942
68 50.541
69 48.744
70 50.575
71 49.086
72 48.369
73 49.353
74 49.709
75 50.042
76 50.13
77 50.046
78 49.531
79 49.557
80 48.994
81 49.269
82 49.138
83 47.244
84 47.061
85 46.902
86 47.891
87 48.977
88 49.273
89 48.941
90 47.48
91 48.461
92 49.434
93 47.581
94 48.966
95 50.175
96 49.954
97 47.253
98 49.247
99 50.207
100 48.93
101 48.975
102 49.394
103 51.882
104 50.202
105 53.153
106 57.932
107 66.571
108 73.812
109 81.167
110 88.273
111 96.342
112 99.019
113 102.12
114 106.42
115 107.99
116 108.37
117 110.81
118 112.68
119 115.27
120 118.58
121 120.08
122 120.36
123 122.44
124 123.53
125 119.81
126 119.37
127 121.04
128 120.15
129 120.4
130 119.53
131 118.51
132 120.6
133 119.36
134 116.95
135 119.78
136 117.25
137 119.56
138 118.78
139 118.04
140 118.66
141 118.49
142 118.32
143 121.35
144 119.31
145 121.77
146 121.08
147 121.83
148 123.58
149 121.08
150 122.04
151 120.73
152 121.63
153 120.65
154 121.43
155 122.85
156 121.48
157 122.98
158 122.81
159 121.23
160 122.93
161 122.51
162 122.6
163 121.27
164 120.41
165 120.9
166 120.59
167 120.76
168 120.44
169 119.87
170 119.26
171 120.59
172 122.8
173 120.03
174 120.77
175 121.18
176 120.54
177 120.13
178 118.54
179 118.73
180 120.53
181 119.97
182 119.96
183 118.11
184 120.13
185 122.74
186 120.79
187 121.52
188 118.18
189 119.18
190 121.72
191 120.17
192 117.68
193 118.68
194 120.61
195 121.62
196 122.3
197 121.4
198 121.28
199 121.46
200 120.08
201 121.1
202 120.95
203 119.49
204 119.24
205 118.22
206 116.94
207 113.62
208 108.34
209 105.87
210 104.62
211 102.97
212 101.74
213 101.67
214 102.42
215 101.47
216 100.73
217 100.64
218 102.42
219 100.24
220 100.24
221 97.921
222 98.461
223 97.624
224 97.586
225 94.786
226 95.496
227 96.262
228 94.809
229 93.884
230 93.186
231 93.146
232 92.823
233 90.236
234 90.428
235 90.794
236 88.99
237 87.5
238 87.173
239 85.119
240 84.805
241 83.007
242 83.857
243 81.755
244 81.823
245 78.996
246 79.094
247 76.963
248 76.713
249 76.421
250 75.966
251 75.036
252 74.659
253 76.35
254 75.162
255 73.343
256 73.366
257 72.488
258 74.869
259 73.831
260 72.884
261 72.722
262 72.439
263 72.611
264 73.429
265 75.024
266 72.223
267 72.509
268 73.319
269 72.32
270 72.168
271 71.542
272 73.445
273 73.661
274 71.314
275 71.394
276 68.7
277 71.977
278 70.072
279 70.323
280 72.018
281 73.173
282 69.962
283 71.236
284 71.131
285 71.407
286 69.617
287 71.711
288 70.337
289 68.826
290 69.145
291 69.088
292 72.136
293 70.734
294 70.456
295 69.507
296 71.027
297 70.387
298 71.156
299 72.862
300 71.237
301 71.576
302 71.328
303 69.604
304 72.34
305 71.782
306 71.993
307 73.909
308 77.23
309 79.281
310 80.828
311 82.546
312 84.541
313 89.234
314 90.952
315 89.799
316 94.96
317 95.706
318 98.273
319 98.616
320 102.64
321 102.68
322 104.64
323 106.94
324 107.48
325 106.12
326 108.8
327 106.96
328 106.65
329 103.96
330 107.12
331 105.12
332 104.15
333 102.49
334 102.17
335 104.1
336 101.11
337 101.52
338 99.309
339 101
340 99.168
341 98.5
342 98.017
343 96.113
344 97.912
345 95.985
346 97.433
347 97.058
348 99.737
349 98.399
350 98.351
351 100.04
352 99.579
353 98.965
354 98.844
355 99.303
356 99.768
357 99.788
358 99.74
359 100.19
360 99.879
361 99.141
362 99.668
363 101.19
364 101.36
365 100.16
366 99.21
367 100.44
368 99.063
369 102.07
370 101.88
371 99.857
372 99.641
373 100.36
374 100.17
375 101.56
376 99.162
377 100.67
378 99.437
379 97.992
380 99.496
381 99.17
382 100.43
383 100.39
384 100.71
385 97.3
386 99.072
387 98.902
388 99.404
389 98.983
390 99.977
391 100.09
392 101.06
393 101.02
394 101.97
395 101.57
396 101.06
397 99.603
398 100.52
399 99.291
400 102.3
