1 -0.50025
2 -0.79116
3 0.65022
4 0.33882
5 0.85647
6 2.1418
7 1.4039
8 5.1736
9 5.601
10 10.865
11 13.552
12 13.901
13 16.833
14 19.124
15 22.719
16 27.569
17 31.095
18 33.21
19 36.853
20 41.911
21 46.662
22 50.428
23 52.524
24 55.314
25 57.953
26 59.406
27 61.874
28 63.687
29 62.591
30 65.47
31 64.837
32 63.628
33 62.796
34 63.921
35 63.525
36 63.62
37 62.852
38 59.162
39 57.785
40 55.075
41 57.316
42 55.244
43 55.232
44 54.688
45 52.91
46 49.054
47 46.999
48 48.833
49 47.823
50 48.152
51 46.849
52 46.271
53 45.938
54 44.852
55 45.127
56 46.055
57 45.937
58 46.522
59 46.02
60 44.854
61 46.345
62 47.8
63 46.417
64 47.701
65 49.254
66 47.004
67 48.383
68 48.829
69 48.404
70 49.761
71 49.637
72 50.662
73 51.968
74 50.507
75 50.907
76 51.647
77 51.791
78 51.69
79 50.614
80 51.2
81 51.799
82 50.837
83 49.701
84 50.565
85 49.401
86 48.849
87 49.71
88 47.938
89 49.918
90 49.725
91 49.247
92 48.279
93 46.91
94 47.451
95 49.511
96 49.165
97 50.272
98 48.622
99 48.485
100 49.182
101 50.998
102 50.589
103 49.307
104 48.008
105 54.484
106 55.694
107 59.765
108 66.232
109 71.576
110 77.53
111 84.782
112 90.122
113 93.943
114 99.022
115 105
116 109.08
117 112.21
118 113.63
119 115.98
120 119.22
121 120.7
122 124
123 123.55
124 125.54
125 125.9
126 122.96
127 124.43
128 123.62
129 124.14
130 124.31
131 122.86
132 122.55
133 121.94
134 124
135 120.86
136 120.59
137 120.85
138 117.99
139 120.3
140 117.76
141 120.66
142 120.22
143 119.97
144 118.22
145 119.24
146 119.86
147 119.57
148 118.19
149 120
150 119.13
151 119.13
152 120.25
153 121.12
154 120.9
155 122.33
156 121.44
157 122.19
158 120.16
159 123.06
160 122.42
161 119.96
162 123.03
163 122
164 122.53
165 121.13
166 121.9
167 121.07
168 121.85
169 123.53
170 120.82
171 120.43
172 122.42
173 121.87
174 119.84
175 122.21
176 121.33
177 122.22
178 120.5
179 121.25
180 119.3
181 121.12
182 121.83
183 120.99
184 123.05
185 119.85
186 120.96
187 120.02
188 119.97
189 119.88
190 118.73
191 120.2
192 119.44
193 119.89
194 120.36
195 121.38
196 120.49
197 120.31
198 119.27
199 119.02
200 119.22
201 120.47
202 120.25
203 120.27
204 119.35
205 117.31
206 118.78
207 114.28
208 109.96
209 107.64
210 103.62
211 100.96
212 95.245
213 94.884
214 91.78
215 89.69
216 88.901
217 87.391
218 87.231
219 83.495
220 85.103
221 81.839
222 79.998
223 80.709
224 79.288
225 80.656
226 78.382
227 79.114
228 79.406
229 78.877
230 78.758
231 78.517
232 79.654
233 76.155
234 80.787
235 79.262
236 79.445
237 78.859
238 78.979
239 79.365
240 78.099
241 78.89
242 80.803
243 77.454
244 78.432
245 77.667
246 76.71
247 76.354
248 74.904
249 74.663
250 74.64
251 75.22
252 72.02
253 73.828
254 75.246
255 74.488
256 71.187
257 72.861
258 72.594
259 70.727
260 72.231
261 69.148
262 70.804
263 71.76
264 69.846
265 69.583
266 69.484
267 70.692
268 69.179
269 69.66
270 70.438
271 70.982
272 69.94
273 70.206
274 70.079
275 70.718
276 69.84
277 70.733
278 68.948
279 71.797
280 69.736
281 69.778
282 70.982
283 72.056
284 69.544
285 71.918
286 69.471
287 71.968
288 69.164
289 71.633
290 69.237
291 71.621
292 68.406
293 70.512
294 70.735
295 69.997
296 70.458
297 71.466
298 72.092
299 69.712
300 69.869
301 69.966
302 71.628
303 71.11
304 69.392
305 70.465
306 71.28
307 73.859
308 74.703
309 74.764
310 78.272
311 79.995
312 80.412
313 83.665
314 84.366
315 87.727
316 90.982
317 90.423
318 96.519
319 94.39
320 97.211
321 97.284
322 99.559
323 101.4
324 103.74
325 101.75
326 104.43
327 105.3
328 103.48
329 104.61
330 104.77
331 105.43
332 105.63
333 106.02
334 105.74
335 107.25
336 106.56
337 104.45
338 102.54
339 100.68
340 100.7
341 101.74
342 101.48
343 100.76
344 100.9
345 99.771
346 101.19
347 101.28
348 97.354
349 98.577
350 98.168
351 97.823
352 98.201
353 97.288
354 99.916
355 97.404
356 98.569
357 97.96
358 98.665
359 99.181
360 98.452
361 99.135
362 98.596
363 97.464
364 97.658
365 98.643
366 99.777
367 98.846
368 99.949
369 98.602
370 101.52
371 100.31
372 101.2
373 101.73
374 101.55
375 99.006
376 100
377 100.27
378 101.12
379 99.915
380 101.01
381 99.592
382 99.649
383 100.02
384 101.39
385 100.01
386 100.03
387 99.197
388 99.569
389 100.97
390 100.57
391 100.71
392 99.765
393 98.428
394 99.266
395 97.069
396 100.37
397 101.43
398 100.67
399 101.7
400 99.545
