1 -0.2045
2 -1.0766
3 -0.83179
4 1.437
5 2.5577
6 4.9527
7 5.4733
8 8.5602
9 9.8307
10 12.559
11 15.678
12 18.861
13 21.91
14 27
15 29.142
16 32.257
17 35.794
18 40.629
19 42.45
20 45.311
21 47.984
22 49.04
23 50.149
24 53.357
25 53.177
26 55.121
27 56.158
28 57.352
29 53.219
30 53.695
31 53.264
32 53.994
33 53.262
34 50.927
35 51.578
36 49.305
37 48.108
38 48.151
39 46.98
40 46.143
41 45.231
42 44.878
43 44.25
44 44.314
45 44.835
46 44.873
47 45.888
48 43.91
49 46.176
50 45.54
51 44.553
52 47.15
53 45.626
54 46.058
55 46.827
56 47.024
57 45.277
58 45.673
59 49.515
60 48.301
61 50.245
62 48.491
63 49.208
64 48.289
65 48.926
66 47.839
67 48.144
68 49.37
69 48.614
70 48.541
71 48.076
72 48.724
73 48.381
74 50.592
75 49.788
76 49.148
77 49.834
78 48.439
79 50.171
80 49.188
81 47.918
82 49.802
83 48.197
84 50.307
85 49.359
86 48.454
87 48.572
88 47.668
89 48.434
90 49.357
91 49.011
92 48.856
93 47.741
94 48.936
95 48.021
96 47.885
97 48.967
98 50.812
99 48.605
100 50.85
101 48.63
102 49.603
103 49.513
104 48.612
105 51.482
106 59.813
107 67.805
108 71.651
109 79.639
110 90.121
111 96.084
112 98.907
113 100.39
114 104.25
115 107.89
116 108.19
117 110.35
118 112.29
119 114.96
120 116.75
121 116.96
122 116.39
123 118.84
124 119.48
125 121.62
126 117.2
127 118.79
128 118.87
129 118.85
130 116.25
131 119.5
132 118
133 116.42
134 116
135 117.43
136 115.8
137 117.61
138 116.9
139 118.37
140 117.1
141 116.74
142 119.46
143 120.76
144 121.42
145 119.5
146 118.5
147 120.59
148 121.4
149 120.62
150 119.62
151 121.41
152 122.08
153 122.07
154 122.22
155 121.39
156 122.66
157 120.86
158 120.75
159 121.54
160 120.64
161 121.48
162 120.66
163 121.74
164 120.16
165 119.66
166 120.05
167 119.96
168 121.12
169 121.03
170 119.75
171 119.51
172 120.12
173 122.08
174 121.6
175 119.45
176 120.39
177 121.87
178 121.32
179 120.78
180 118.99
181 119.4
182 122.08
183 119.61
184 119.13
185 121.1
186 122.09
187 118.62
188 121.39
189 119.86
190 120.53
191 120.17
192 120.25
193 118.76
194 120.68
195 120.65
196 120.81
197 121.17
198 122.26
199 120.59
200 120.18
201 119.05
202 119.81
203 119.14
204 119.29
205 118.56
206 117.23
207 112.87
208 108.65
209 107.73
210 103.82
211 102.56
212 99.418
213 101.21
214 101.68
215 99.817
216 98.705
217 102.98
218 100.27
219 101.35
220 99.436
221 97.964
222 98.214
223 96.456
224 96.626
225 94.284
226 94.319
227 94.191
228 95.272
229 94.314
230 93.467
231 92.587
232 90.094
233 92.306
234 89.938
235 89.121
236 87.47
237 86.252
238 85.538
239 86.299
240 85.033
241 82.9
242 80.234
243 81.471
244 80.482
245 79.073
246 77.492
247 78.346
248 76.066
249 76.084
250 74.695
251 76.029
252 74.084
253 72.451
254 76.483
255 74.733
256 71.055
257 71.789
258 72.852
259 73.218
260 73.311
261 73.168
262 72.026
263 76.083
264 74.012
265 74.794
266 74.804
267 73.174
268 71.955
269 71.715
270 72.575
271 72.413
272 72.548
273 72.172
274 70.38
275 71.893
276 72.515
277 71.908
278 70.601
279 72.712
280 70.64
281 71.153
282 73.195
283 72.56
284 71.181
285 70.455
286 70.3
287 70.366
288 70.191
289 69.13
290 71.126
291 68.375
292 69.251
293 71.123
294 70.625
295 70.776
296 70.546
297 71.26
298 71.359
299 71.229
300 71.502
301 69.421
302 69.842
303 68.116
304 71.946
305 71.185
306 71.221
307 74.117
308 78.511
309 80.12
310 80.586
311 82.405
312 86.597
313 88.708
314 91.956
315 92.561
316 92.893
317 98.096
318 97.654
319 97.699
320 100.65
321 103.34
322 103.86
323 105.55
324 104.33
325 107.52
326 105.43
327 104.03
328 104.67
329 104.84
330 103.89
331 104.78
332 103.4
333 104.72
334 102.15
335 103.26
336 104.72
337 102.91
338 102.41
339 100.58
340 100.3
341 98.363
342 98.261
343 97.973
344 96.404
345 97.015
346 97.706
347 98.714
348 98.314
349 97.95
350 98.19
351 97.091
352 100.59
353 99.042
354 99.176
355 99.795
356 100.35
357 99.518
358 98.752
359 100.37
360 101.81
361 99.716
362 101.04
363 100.46
364 100.66
365 101.59
366 99.148
367 100.14
368 100.45
369 98.816
370 102.04
371 99.607
372 100.63
373 100.1
374 100.27
375 99.887
376 100.67
377 101.12
378 100.53
379 99.618
380 99.196
381 99.75
382 99.737
383 100.18
384 99.729
385 98.467
386 99.627
387 98.85
388 98.585
389 100.14
390 99.148
391 97.533
392 99.616
393 100.26
394 100.52
395 98.603
396 100.09
397 99.814
398 100.86
399 100.93
400 99.929
