1 -0.055439
2 -0.25963
3 0.10814
4 0.38755
5 0.82457
6 3.1076
7 5.1016
8 6.0923
9 9.5382
10 12.85
11 15.817
12 19.425
13 21.316
14 26.347
15 31.172
16 33.988
17 37.371
18 38.116
19 43.275
20 45.574
21 46.676
22 50
23 50.84
24 53.127
25 54.079
26 53.288
27 52.465
28 54.933
29 52.983
30 52.146
31 51.35
32 52.043
33 51.588
34 50.325
35 49.175
36 48.09
37 47.238
38 47.314
39 44.326
40 46.585
41 45.236
42 43.632
43 44.456
44 44.328
45 42.585
46 41.515
47 42.535
48 44.479
49 44.409
50 44.945
51 46.538
52 46.997
53 47.492
54 48.345
55 47.099
56 47.328
57 47.988
58 46.88
59 47.261
60 47.555
61 47.113
62 46.667
63 47.484
64 48.865
65 50.009
66 49.654
67 49.647
68 48.846
69 48.19
70 48.595
71 49.506
72 47.365
73 48.495
74 49.277
75 49.58
76 47.581
77 48.469
78 48.417
79 47.129
80 48.855
81 49.483
82 50.346
83 47.696
84 46.687
85 49.914
86 48.965
87 49.229
88 47.086
89 47.722
90 46.907
91 50.526
92 47.508
93 48.829
94 47.792
95 52.179
96 49.371
97 48.459
98 49.997
99 49.873
100 48.912
101 47.566
102 50.081
103 48.578
104 52.599
105 52.481
106 58.333
107 65.803
108 73.581
109 80.437
110 89.156
111 95.312
112 98.215
113 101.01
114 103.55
115 102.37
116 104.98
117 103.16
118 105.77
119 106.22
120 106.37
121 108.99
122 110.2
123 112.89
124 111.99
125 113.84
126 112.86
127 111.78
128 112.08
129 111.45
130 111.08
131 110.72
132 111.43
133 110.14
134 113.28
135 114.86
136 112.8
137 113.09
138 116.39
139 118.49
140 117.5
141 117
142 119.16
143 118.91
144 118.48
145 119.82
146 120.82
147 120.08
148 118.79
149 121.02
150 121.65
151 119.85
152 120.2
153 121.09
154 122.37
155 122.02
156 120.99
157 121.5
158 120.28
159 120.9
160 118.99
161 120.2
162 118.78
163 123.01
164 119.09
165 119.49
166 117.52
167 118.63
168 118.71
169 119.82
170 120.02
171 119.87
172 121.8
173 119.38
174 121.14
175 119.36
176 119.07
177 120.19
178 119.47
179 120.46
180 118.7
181 121.1
182 119.37
183 117.51
184 121.27
185 122.46
186 119.39
187 122.17
188 120.29
189 121.83
190 119.84
191 120.48
192 120
193 119.96
194 120.17
195 120.28
196 119.71
197 121.11
198 119.89
199 122.85
200 120.77
201 120.58
202 122.33
203 122.01
204 119.88
205 118.13
206 116.59
207 112.11
208 108.21
209 106.25
210 104.59
211 103.7
212 102.35
213 105.71
214 105.56
215 107.96
216 109.24
217 108.44
218 108.64
219 108.24
220 106.34
221 104.67
222 106.34
223 103.15
224 102.44
225 102.79
226 101.61
227 101.91
228 101.6
229 99.547
230 101.39
231 98.339
232 97.114
233 97.24
234 94.553
235 96.141
236 92.944
237 92.265
238 89.395
239 89.444
240 85.184
241 86.146
242 82.944
243 82.549
244 81.951
245 81.362
246 81.121
247 79.975
248 78.964
249 77.695
250 78.936
251 77.434
252 75.875
253 76.117
254 74.75
255 74.606
256 76.058
257 74.552
258 74.207
259 74.073
260 75.209
261 75.927
262 72.334
263 74.814
264 73.772
265 74.204
266 72.835
267 70.766
268 73.276
269 73.726
270 74.821
271 72.707
272 72.155
273 71.196
274 73.137
275 70.629
276 70.928
277 70.819
278 71.801
279 69.97
280 69.94
281 72.326
282 70.431
283 72.491
284 72.022
285 71.904
286 68.782
287 69.628
288 72
289 70.668
290 71.123
291 70.792
292 71.719
293 70.775
294 71.173
295 70.742
296 72.314
297 71.072
298 72.135
299 70.213
300 71.994
301 70.613
302 71.061
303 69.937
304 69.997
305 72.593
306 70.552
307 74.382
308 76.868
309 79.629
310 82.574
311 83.338
312 89.132
313 88.974
314 92.951
315 93.04
316 94.48
317 95.757
318 97.976
319 99.92
320 102.52
321 103.04
322 105.43
323 105.83
324 108.36
325 107.78
326 104.56
327 109.45
328 108.16
329 106.68
330 107.66
331 105.1
332 103.36
333 102.74
334 101.59
335 100.69
336 100.86
337 99.179
338 99.381
339 98.147
340 98.371
341 99.022
342 97.635
343 96.962
344 98.073
345 98.85
346 98.543
347 98.772
348 99.141
349 100.01
350 98.354
351 98.886
352 98.134
353 101.37
354 100.1
355 100.04
356 99.814
357 98.995
358 100.69
359 98.967
360 100.71
361 99.394
362 99.831
363 100.02
364 101.25
365 99.788
366 101.93
367 101.25
368 100.44
369 99.415
370 100.99
371 100.76
372 99.643
373 100.71
374 99.39
375 98.858
376 100.77
377 97.909
378 99.639
379 98.559
380 99.538
381 99.666
382 101.47
383 98.462
384 98.206
385 101.26
386 97.393
387 98.202
388 99.596
389 100.28
390 98.901
391 100.42
392 100.73
393 102
394 98.879
395 99.705
396 99.485
397 102.31
398 99.268
399 101.01
400 100.28
