1 100
2 100
3 100
4 100
5 100
6 100
7 100
8 100
9 100
10 100
11 100
12 100
13 100
14 100
15 100
16 100
17 100
18 100
19 100
20 100
21 100
22 100
23 100
24 100
25 100
26 100
27 100
28 100
29 100
30 100
31 100
32 100
33 100
34 100
35 100
36 100
37 100
38 100
39 100
40 100
41 100
42 100
43 100
44 100
45 100
46 100
47 100
48 100
49 100
50 100
51 100
52 100
53 100
54 100
55 100
56 100
57 100
58 100
59 100
60 100
61 100
62 100
63 100
64 100
65 100
66 100
67 100
68 100
69 100
70 100
71 100
72 100
73 100
74 100
75 100
76 100
77 100
78 100
79 100
80 100
81 100
82 100
83 100
84 100
85 100
86 100
87 100
88 100
89 100
90 100
91 100
92 100
93 100
94 100
95 100
96 100
97 100
98 100
99 100
100 100
101 60
102 60
103 60
104 60
105 60
106 60
107 60
108 60
109 60
110 60
111 60
112 60
113 60
114 60
115 60
116 60
117 60
118 60
119 60
120 60
121 60
122 60
123 60
124 60
125 60
126 60
127 60
128 60
129 60
130 60
131 60
132 60
133 60
134 60
135 60
136 60
137 60
138 60
139 60
140 60
141 60
142 60
143 60
144 60
145 60
146 60
147 60
148 60
149 60
150 60
151 60
152 60
153 60
154 60
155 60
156 60
157 60
158 60
159 60
160 60
161 60
162 60
163 60
164 60
165 60
166 60
167 60
168 60
169 60
170 60
171 60
172 60
173 60
174 60
175 60
176 60
177 60
178 60
179 60
180 60
181 60
182 60
183 60
184 60
185 60
186 60
187 60
188 60
189 60
190 60
191 60
192 60
193 60
194 60
195 60
196 60
197 60
198 60
199 60
200 60
201 90
202 90
203 90
204 90
205 90
206 90
207 90
208 90
209 90
210 90
211 90
212 90
213 90
214 90
215 90
216 90
217 90
218 90
219 90
220 90
221 90
222 90
223 90
224 90
225 90
226 90
227 90
228 90
229 90
230 90
231 90
232 90
233 90
234 90
235 90
236 90
237 90
238 90
239 90
240 90
241 90
242 90
243 90
244 90
245 90
246 90
247 90
248 90
249 90
250 90
251 90
252 90
253 90
254 90
255 90
256 90
257 90
258 90
259 90
260 90
261 90
262 90
263 90
264 90
265 90
266 90
267 90
268 90
269 90
270 90
271 90
272 90
273 90
274 90
275 90
276 90
277 90
278 90
279 90
280 90
281 90
282 90
283 90
284 90
285 90
286 90
287 90
288 90
289 90
290 90
291 90
292 90
293 90
294 90
295 90
296 90
297 90
298 90
299 90
300 90
301 120
302 120
303 120
304 120
305 120
306 120
307 120
308 120
309 120
310 120
311 120
312 120
313 120
314 120
315 120
316 120
317 120
318 120
319 120
320 120
321 120
322 120
323 120
324 120
325 120
326 120
327 120
328 120
329 120
330 120
331 120
332 120
333 120
334 120
335 120
336 120
337 120
338 120
339 120
340 120
341 120
342 120
343 120
344 120
345 120
346 120
347 120
348 120
349 120
350 120
351 120
352 120
353 120
354 120
355 120
356 120
357 120
358 120
359 120
360 120
361 120
362 120
363 120
364 120
365 120
366 120
367 120
368 120
369 120
370 120
371 120
372 120
373 120
374 120
375 120
376 120
377 120
378 120
379 120
380 120
381 120
382 120
383 120
384 120
385 120
386 120
387 120
388 120
389 120
390 120
391 120
392 120
393 120
394 120
395 120
396 120
397 120
398 120
399 120
400 120
